iteration,successes,reward_episode,episode_count,random_act,timestep
101,101,101,1,71,30
101,202,101,2,151,51
101,303,101,3,228,75
101,404,101,4,316,88
101,505,101,5,397,108
101,606,101,6,478,128
101,707,101,7,560,147
101,808,101,8,641,167
101,909,101,9,725,184
101,1010,101,10,800,210
101,1111,101,11,881,230
101,1212,101,12,962,250
101,1313,101,13,1046,267
101,1414,101,14,1123,291
107,1521,107,15,1208,313
106,1627,106,16,1295,332
101,1728,101,17,1377,351
101,1829,101,18,1460,369
101,1930,101,19,1544,386
101,2031,101,20,1624,407
101,2132,101,21,1706,426
101,2233,101,22,1781,452
101,2334,101,23,1861,473
36,2370,36,24,1890,480
101,2471,101,25,1965,506
106,2577,106,26,2051,526
101,2678,101,27,2135,543
101,2779,101,28,2214,565
101,2880,101,29,2291,589
101,2981,101,30,2373,608
101,3082,101,31,2454,628
101,3183,101,32,2538,645
101,3284,101,33,2619,665
101,3385,101,34,2702,683
101,3486,101,35,2771,715
101,3587,101,36,2848,739
101,3688,101,37,2926,762
45,3733,45,38,2969,764
101,3834,101,39,3050,784
101,3935,101,40,3134,801
101,4036,101,41,3215,821
104,4140,104,42,3298,842
101,4241,101,43,3371,870
105,4346,105,44,3452,894
101,4447,101,45,3526,921
32,4479,32,46,3557,922
101,4580,101,47,3635,945
112,4692,112,48,3723,969
69,4761,69,49,3781,980
101,4862,101,50,3862,1000
101,4963,101,51,3933,1030
107,5070,107,52,4028,1042
58,5128,58,53,4077,1051
101,5229,101,54,4157,1072
101,5330,101,55,4239,1091
101,5431,101,56,4321,1110
69,5500,69,57,4383,1117
101,5601,101,58,4468,1133
101,5702,101,59,4552,1150
101,5803,101,60,4635,1168
58,5861,58,61,4683,1178
101,5962,101,62,4768,1194
101,6063,101,63,4850,1213
51,6114,51,64,4898,1216
101,6215,101,65,4975,1240
93,6308,93,66,5057,1251
102,6410,102,67,5141,1269
118,6528,118,68,5243,1285
101,6629,101,69,5321,1308
101,6730,101,70,5401,1329
101,6831,101,71,5485,1346
101,6932,101,72,5570,1362
101,7033,101,73,5648,1385
101,7134,101,74,5727,1407
101,7235,101,75,5808,1427
101,7336,101,76,5888,1448
108,7444,108,77,5973,1471
101,7545,101,78,6051,1494
101,7646,101,79,6131,1515
101,7747,101,80,6212,1535
101,7848,101,81,6288,1560
72,7920,72,82,6350,1570
96,8016,96,83,6424,1592
34,8050,34,84,6455,1595
101,8151,101,85,6532,1619
101,8252,101,86,6606,1646
101,8353,101,87,6686,1667
101,8454,101,88,6764,1690
101,8555,101,89,6843,1712
101,8656,101,90,6923,1733
112,8768,112,91,7015,1753
101,8869,101,92,7097,1772
101,8970,101,93,7178,1792
101,9071,101,94,7256,1815
100,9171,100,95,7338,1833
38,9209,38,96,7372,1837
103,9312,103,97,7453,1859
101,9413,101,98,7539,1874
101,9514,101,99,7619,1895
101,9615,101,100,7708,1907
101,9716,101,101,7783,1933
101,9817,101,102,7866,1951
101,9918,101,103,7944,1974
101,10019,101,104,8028,1991
101,10120,101,105,8111,2009
34,10154,34,106,8142,2012
101,10255,101,107,8222,2033
119,10374,119,108,8323,2051
101,10475,101,109,8401,2074
101,10576,101,110,8482,2094
104,10680,104,111,8566,2114
101,10781,101,112,8646,2135
155,10936,155,113,8775,2161
83,11019,83,114,8846,2173
51,11070,51,115,8890,2180
101,11171,101,116,8977,2194
89,11260,89,117,9056,2204
101,11361,101,118,9135,2226
101,11462,101,119,9217,2245
101,11563,101,120,9299,2264
101,11664,101,121,9382,2282
101,11765,101,122,9460,2305
101,11866,101,123,9538,2328
107,11973,107,124,9622,2351
88,12061,88,125,9695,2366
101,12162,101,126,9769,2393
101,12263,101,127,9850,2413
101,12364,101,128,9931,2433
101,12465,101,129,10012,2453
67,12532,67,130,10070,2462
101,12633,101,131,10147,2486
101,12734,101,132,10228,2506
114,12848,114,133,10323,2525
101,12949,101,134,10403,2546
101,13050,101,135,10482,2568
101,13151,101,136,10562,2589
34,13185,34,137,10591,2594
101,13286,101,138,10674,2612
101,13387,101,139,10753,2634
101,13488,101,140,10829,2659
101,13589,101,141,10913,2676
101,13690,101,142,10987,2703
101,13791,101,143,11068,2723
101,13892,101,144,11145,2747
101,13993,101,145,11218,2775
111,14104,111,146,11314,2790
50,14154,50,147,11358,2796
101,14255,101,148,11435,2820
101,14356,101,149,11514,2842
101,14457,101,150,11596,2861
102,14559,102,151,11677,2882
101,14660,101,152,11760,2900
57,14717,57,153,11809,2908
101,14818,101,154,11887,2931
101,14919,101,155,11967,2952
101,15020,101,156,12049,2971
101,15121,101,157,12124,2997
101,15222,101,158,12208,3014
32,15254,32,159,12235,3019
101,15355,101,160,12320,3035
101,15456,101,161,12400,3056
32,15488,32,162,12428,3060
101,15589,101,163,12505,3084
101,15690,101,164,12589,3101
101,15791,101,165,12667,3124
114,15905,114,166,12760,3145
32,15937,32,167,12790,3147
101,16038,101,168,12873,3165
77,16115,77,169,12939,3176
101,16216,101,170,13019,3197
101,16317,101,171,13094,3223
101,16418,101,172,13176,3242
101,16519,101,173,13251,3268
101,16620,101,174,13331,3289
101,16721,101,175,13418,3303
106,16827,106,176,13506,3321
101,16928,101,177,13593,3335
105,17033,105,178,13668,3365
101,17134,101,179,13750,3384
101,17235,101,180,13832,3403
111,17346,111,181,13920,3426
101,17447,101,182,14002,3445
101,17548,101,183,14080,3468
32,17580,32,184,14105,3475
101,17681,101,185,14191,3490
101,17782,101,186,14266,3516
101,17883,101,187,14342,3541
101,17984,101,188,14428,3556
101,18085,101,189,14507,3578
101,18186,101,190,14592,3594
101,18287,101,191,14673,3614
79,18366,79,192,14736,3630
101,18467,101,193,14807,3660
101,18568,101,194,14893,3675
101,18669,101,195,14972,3697
107,18776,107,196,15060,3716
46,18822,46,197,15101,3721
101,18923,101,198,15181,3742
101,19024,101,199,15261,3763
101,19125,101,200,15341,3784
101,19226,101,201,15421,3805
101,19327,101,202,15504,3823
101,19428,101,203,15577,3851
101,19529,101,204,15652,3877
101,19630,101,205,15735,3895
67,19697,67,206,15792,3905
101,19798,101,207,15875,3923
71,19869,71,208,15936,3933
101,19970,101,209,16015,3955
101,20071,101,210,16098,3973
101,20172,101,211,16179,3993
101,20273,101,212,16259,4014
97,20370,97,213,16341,4029
101,20471,101,214,16420,4051
101,20572,101,215,16505,4067
101,20673,101,216,16588,4085
101,20774,101,217,16666,4108
101,20875,101,218,16742,4133
101,20976,101,219,16819,4157
54,21030,54,220,16867,4163
101,21131,101,221,16949,4182
101,21232,101,222,17026,4206
86,21318,86,223,17102,4216
101,21419,101,224,17184,4235
101,21520,101,225,17264,4256
101,21621,101,226,17342,4279
101,21722,101,227,17426,4296
101,21823,101,228,17498,4325
101,21924,101,229,17580,4344
101,22025,101,230,17660,4365
105,22130,105,231,17749,4381
101,22231,101,232,17829,4402
101,22332,101,233,17912,4420
53,22385,53,234,17957,4428
106,22491,106,235,18043,4448
101,22592,101,236,18128,4464
101,22693,101,237,18207,4486
101,22794,101,238,18286,4508
66,22860,66,239,18344,4516
101,22961,101,240,18428,4533
101,23062,101,241,18511,4551
101,23163,101,242,18594,4569
101,23264,101,243,18676,4588
101,23365,101,244,18757,4608
105,23470,105,245,18842,4628
101,23571,101,246,18924,4647
108,23679,108,247,19007,4672
101,23780,101,248,19097,4683
101,23881,101,249,19178,4703
137,24018,137,250,19294,4724
101,24119,101,251,19374,4745
93,24212,93,252,19454,4758
101,24313,101,253,19536,4777
101,24414,101,254,19618,4796
101,24515,101,255,19696,4819
104,24619,104,256,19783,4836
101,24720,101,257,19866,4854
101,24821,101,258,19946,4875
101,24922,101,259,20025,4897
88,25010,88,260,20103,4907
101,25111,101,261,20183,4928
57,25168,57,262,20234,4934
101,25269,101,263,20315,4954
101,25370,101,264,20394,4976
32,25402,32,265,20422,4980
101,25503,101,266,20503,5000
101,25604,101,267,20586,5018
101,25705,101,268,20672,5033
101,25806,101,269,20757,5049
107,25913,107,270,20844,5069
101,26014,101,271,20923,5091
36,26050,36,272,20952,5098
101,26151,101,273,21029,5122
101,26252,101,274,21106,5146
105,26357,105,275,21188,5169
101,26458,101,276,21276,5182
72,26530,72,277,21339,5191
101,26631,101,278,21421,5210
101,26732,101,279,21503,5229
101,26833,101,280,21579,5254
101,26934,101,281,21659,5275
101,27035,101,282,21744,5291
101,27136,101,283,21820,5316
32,27168,32,284,21850,5318
111,27279,111,285,21942,5337
101,27380,101,286,22024,5356
101,27481,101,287,22104,5377
101,27582,101,288,22179,5403
106,27688,106,289,22264,5424
101,27789,101,290,22351,5438
101,27890,101,291,22433,5457
88,27978,88,292,22509,5469
101,28079,101,293,22586,5493
101,28180,101,294,22663,5517
115,28295,115,295,22756,5539
47,28342,47,296,22797,5545
101,28443,101,297,22876,5567
101,28544,101,298,22946,5598
101,28645,101,299,23032,5613
101,28746,101,300,23117,5629
86,28832,86,301,23188,5644
101,28933,101,302,23257,5676
101,29034,101,303,23338,5696
75,29109,75,304,23402,5707
101,29210,101,305,23478,5732
97,29307,97,306,23553,5754
101,29408,101,307,23637,5771
101,29509,101,308,23714,5795
101,29610,101,309,23793,5817
101,29711,101,310,23876,5835
51,29762,51,311,23916,5846
101,29863,101,312,23996,5867
101,29964,101,313,24072,5892
101,30065,101,314,24158,5907
103,30168,103,315,24244,5924
101,30269,101,316,24322,5947
101,30370,101,317,24409,5961
110,30480,110,318,24494,5986
101,30581,101,319,24578,6003
101,30682,101,320,24654,6028
108,30790,108,321,24745,6045
101,30891,101,322,24824,6067
114,31005,114,323,24921,6084
101,31106,101,324,24998,6108
101,31207,101,325,25077,6130
101,31308,101,326,25156,6152
113,31421,113,327,25245,6176
101,31522,101,328,25322,6200
101,31623,101,329,25406,6217
101,31724,101,330,25492,6232
32,31756,32,331,25520,6236
101,31857,101,332,25598,6259
101,31958,101,333,25677,6281
101,32059,101,334,25754,6305
101,32160,101,335,25830,6330
101,32261,101,336,25911,6350
101,32362,101,337,25987,6375
101,32463,101,338,26067,6396
101,32564,101,339,26146,6418
101,32665,101,340,26219,6446
101,32766,101,341,26306,6460
44,32810,44,342,26343,6467
101,32911,101,343,26423,6488
101,33012,101,344,26502,6510
101,33113,101,345,26590,6523
101,33214,101,346,26666,6548
47,33261,47,347,26710,6551
101,33362,101,348,26793,6569
95,33457,95,349,26870,6587
101,33558,101,350,26949,6609
101,33659,101,351,27025,6634
32,33691,32,352,27052,6639
101,33792,101,353,27132,6660
102,33894,102,354,27215,6679
101,33995,101,355,27289,6706
101,34096,101,356,27370,6726
101,34197,101,357,27453,6744
101,34298,101,358,27535,6763
101,34399,101,359,27616,6783
60,34459,60,360,27670,6789
101,34560,101,361,27753,6807
101,34661,101,362,27834,6827
101,34762,101,363,27912,6850
101,34863,101,364,27992,6871
101,34964,101,365,28074,6890
101,35065,101,366,28156,6909
101,35166,101,367,28236,6930
101,35267,101,368,28313,6954
101,35368,101,369,28395,6973
32,35400,32,370,28424,6976
103,35503,103,371,28507,6996
101,35604,101,372,28591,7013
101,35705,101,373,28673,7032
101,35806,101,374,28759,7047
101,35907,101,375,28837,7070
101,36008,101,376,28918,7090
101,36109,101,377,29001,7108
108,36217,108,378,29087,7130
101,36318,101,379,29165,7153
101,36419,101,380,29246,7173
101,36520,101,381,29314,7206
54,36574,54,382,29360,7214
72,36646,72,383,29422,7224
101,36747,101,384,29505,7242
101,36848,101,385,29587,7261
41,36889,41,386,29622,7267
101,36990,101,387,29705,7285
101,37091,101,388,29790,7301
101,37192,101,389,29869,7323
101,37293,101,390,29945,7348
101,37394,101,391,30027,7367
51,37445,51,392,30073,7372
101,37546,101,393,30148,7398
101,37647,101,394,30228,7419
101,37748,101,395,30303,7445
101,37849,101,396,30382,7467
101,37950,101,397,30464,7486
88,38038,88,398,30537,7501
101,38139,101,399,30616,7523
101,38240,101,400,30702,7538
101,38341,101,401,30783,7558
101,38442,101,402,30867,7575
101,38543,101,403,30948,7595
101,38644,101,404,31027,7617
101,38745,101,405,31111,7634
101,38846,101,406,31190,7656
101,38947,101,407,31267,7680
101,39048,101,408,31343,7705
101,39149,101,409,31421,7728
101,39250,101,410,31502,7748
101,39351,101,411,31584,7767
102,39453,102,412,31665,7788
101,39554,101,413,31747,7807
101,39655,101,414,31835,7820
97,39752,97,415,31918,7834
101,39853,101,416,31997,7856
101,39954,101,417,32078,7876
101,40055,101,418,32160,7895
101,40156,101,419,32239,7917
101,40257,101,420,32323,7934
101,40358,101,421,32399,7959
101,40459,101,422,32478,7981
101,40560,101,423,32554,8006
101,40661,101,424,32638,8023
101,40762,101,425,32721,8041
101,40863,101,426,32796,8067
101,40964,101,427,32870,8094
102,41066,102,428,32946,8120
101,41167,101,429,33027,8140
118,41285,118,430,33123,8162
101,41386,101,431,33204,8182
101,41487,101,432,33289,8198
101,41588,101,433,33369,8219
101,41689,101,434,33448,8241
101,41790,101,435,33530,8260
101,41891,101,436,33600,8291
101,41992,101,437,33679,8313
101,42093,101,438,33767,8326
101,42194,101,439,33846,8348
46,42240,46,440,33887,8353
101,42341,101,441,33968,8373
59,42400,59,442,34019,8381
109,42509,109,443,34109,8400
101,42610,101,444,34191,8419
101,42711,101,445,34270,8441
53,42764,53,446,34313,8451
101,42865,101,447,34397,8468
113,42978,113,448,34487,8491
46,43024,46,449,34518,8506
101,43125,101,450,34600,8525
101,43226,101,451,34675,8551
101,43327,101,452,34757,8570
32,43359,32,453,34788,8571
103,43462,103,454,34878,8584
107,43569,107,455,34968,8601
101,43670,101,456,35045,8625
53,43723,53,457,35089,8634
101,43824,101,458,35170,8654
101,43925,101,459,35247,8678
102,44027,102,460,35329,8698
101,44128,101,461,35404,8724
101,44229,101,462,35484,8745
101,44330,101,463,35565,8765
101,44431,101,464,35654,8777
101,44532,101,465,35736,8796
101,44633,101,466,35816,8817
101,44734,101,467,35898,8836
101,44835,101,468,35977,8858
101,44936,101,469,36059,8877
101,45037,101,470,36140,8897
101,45138,101,471,36223,8915
101,45239,101,472,36308,8931
101,45340,101,473,36390,8950
69,45409,69,474,36448,8961
107,45516,107,475,36535,8981
101,45617,101,476,36614,9003
101,45718,101,477,36693,9025
32,45750,32,478,36721,9029
101,45851,101,479,36805,9046
101,45952,101,480,36888,9064
108,46060,108,481,36976,9084
103,46163,103,482,37063,9100
101,46264,101,483,37144,9120
101,46365,101,484,37221,9144
107,46472,107,485,37311,9161
101,46573,101,486,37397,9176
101,46674,101,487,37485,9189
110,46784,110,488,37575,9209
101,46885,101,489,37653,9232
101,46986,101,490,37731,9255
101,47087,101,491,37812,9275
101,47188,101,492,37897,9291
101,47289,101,493,37973,9316
101,47390,101,494,38050,9340
101,47491,101,495,38128,9363
48,47539,48,496,38169,9370
101,47640,101,497,38257,9383
99,47739,99,498,38339,9400
101,47840,101,499,38419,9421
101,47941,101,500,38499,9442
101,48042,101,501,38576,9466
101,48143,101,502,38656,9487
32,48175,32,503,38684,9491
101,48276,101,504,38772,9504
101,48377,101,505,38857,9520
101,48478,101,506,38936,9542
110,48588,110,507,39030,9558
101,48689,101,508,39117,9572
101,48790,101,509,39199,9591
32,48822,32,510,39225,9597
101,48923,101,511,39306,9617
101,49024,101,512,39386,9638
101,49125,101,513,39470,9655
101,49226,101,514,39545,9681
34,49260,34,515,39574,9686
101,49361,101,516,39652,9709
101,49462,101,517,39739,9723
32,49494,32,518,39766,9728
36,49530,36,519,39798,9732
101,49631,101,520,39879,9752
101,49732,101,521,39960,9772
110,49842,110,522,40048,9794
106,49948,106,523,40140,9808
101,50049,101,524,40221,9828
101,50150,101,525,40295,9855
101,50251,101,526,40372,9879
101,50352,101,527,40456,9896
101,50453,101,528,40536,9917
101,50554,101,529,40622,9932
101,50655,101,530,40700,9955
101,50756,101,531,40785,9971
101,50857,101,532,40865,9992
101,50958,101,533,40941,10017
101,51059,101,534,41013,10046
101,51160,101,535,41094,10066
101,51261,101,536,41173,10088
101,51362,101,537,41255,10107
117,51479,117,538,41354,10125
101,51580,101,539,41429,10151
101,51681,101,540,41516,10165
101,51782,101,541,41600,10182
101,51883,101,542,41680,10203
101,51984,101,543,41755,10229
114,52098,114,544,41844,10254
104,52202,104,545,41925,10277
101,52303,101,546,42001,10302
106,52409,106,547,42094,10315
115,52524,115,548,42188,10336
32,52556,32,549,42216,10340
101,52657,101,550,42301,10356
101,52758,101,551,42380,10378
106,52864,106,552,42466,10398
101,52965,101,553,42549,10416
101,53066,101,554,42628,10438
101,53167,101,555,42708,10459
32,53199,32,556,42736,10463
101,53300,101,557,42814,10486
101,53401,101,558,42891,10510
101,53502,101,559,42969,10533
101,53603,101,560,43051,10552
101,53704,101,561,43131,10573
101,53805,101,562,43217,10588
101,53906,101,563,43296,10610
101,54007,101,564,43370,10637
85,54092,85,565,43444,10648
32,54124,32,566,43471,10653
60,54184,60,567,43519,10665
101,54285,101,568,43605,10680
101,54386,101,569,43681,10705
101,54487,101,570,43761,10726
50,54537,50,571,43804,10733
101,54638,101,572,43875,10763
101,54739,101,573,43955,10784
101,54840,101,574,44038,10802
32,54872,32,575,44065,10807
101,54973,101,576,44145,10828
101,55074,101,577,44226,10848
101,55175,101,578,44305,10870
101,55276,101,579,44388,10888
101,55377,101,580,44465,10912
70,55447,70,581,44527,10920
46,55493,46,582,44567,10926
101,55594,101,583,44654,10940
101,55695,101,584,44738,10957
101,55796,101,585,44815,10981
101,55897,101,586,44894,11003
101,55998,101,587,44973,11025
32,56030,32,588,45003,11027
101,56131,101,589,45085,11046
101,56232,101,590,45160,11072
101,56333,101,591,45244,11089
101,56434,101,592,45325,11109
101,56535,101,593,45404,11131
103,56638,103,594,45487,11151
101,56739,101,595,45563,11176
104,56843,104,596,45648,11195
36,56879,36,597,45676,11203
101,56980,101,598,45757,11223
42,57022,42,599,45793,11229
101,57123,101,600,45872,11251
108,57231,108,601,45960,11271
101,57332,101,602,46040,11292
105,57437,105,603,46125,11312
102,57539,102,604,46214,11325
107,57646,107,605,46302,11344
101,57747,101,606,46377,11370
101,57848,101,607,46461,11387
101,57949,101,608,46540,11409
101,58050,101,609,46617,11433
101,58151,101,610,46699,11452
32,58183,32,611,46728,11455
101,58284,101,612,46807,11477
101,58385,101,613,46895,11490
101,58486,101,614,46980,11506
101,58587,101,615,47060,11527
101,58688,101,616,47142,11546
32,58720,32,617,47169,11551
101,58821,101,618,47249,11572
101,58922,101,619,47330,11592
34,58956,34,620,47360,11596
101,59057,101,621,47436,11621
101,59158,101,622,47517,11641
101,59259,101,623,47597,11662
101,59360,101,624,47675,11685
101,59461,101,625,47754,11707
101,59562,101,626,47836,11726
101,59663,101,627,47920,11743
65,59728,65,628,47971,11757
102,59830,102,629,48050,11780
101,59931,101,630,48125,11806
103,60034,103,631,48207,11827
101,60135,101,632,48283,11852
101,60236,101,633,48364,11872
101,60337,101,634,48445,11892
101,60438,101,635,48519,11919
101,60539,101,636,48593,11946
101,60640,101,637,48674,11966
109,60749,109,638,48763,11986
111,60860,111,639,48848,12012
101,60961,101,640,48924,12037
101,61062,101,641,49006,12056
137,61199,137,642,49113,12086
102,61301,102,643,49200,12101
101,61402,101,644,49283,12119
99,61501,99,645,49365,12136
46,61547,46,646,49403,12144
69,61616,69,647,49460,12156
101,61717,101,648,49540,12177
101,61818,101,649,49619,12199
88,61906,88,650,49685,12221
36,61942,36,651,49715,12227
101,62043,101,652,49793,12250
109,62152,109,653,49882,12270
68,62220,68,654,49939,12281
51,62271,51,655,49984,12287
101,62372,101,656,50060,12312
58,62430,58,657,50108,12322
101,62531,101,658,50186,12345
101,62632,101,659,50267,12365
101,62733,101,660,50347,12386
101,62834,101,661,50432,12402
101,62935,101,662,50509,12426
101,63036,101,663,50590,12446
101,63137,101,664,50675,12462
101,63238,101,665,50757,12481
101,63339,101,666,50838,12501
101,63440,101,667,50914,12526
107,63547,107,668,51006,12541
101,63648,101,669,51084,12564
101,63749,101,670,51162,12587
32,63781,32,671,51190,12591
101,63882,101,672,51270,12612
101,63983,101,673,51359,12624
101,64084,101,674,51439,12645
101,64185,101,675,51513,12672
111,64296,111,676,51602,12694
101,64397,101,677,51684,12713
101,64498,101,678,51758,12740
101,64599,101,679,51839,12760
112,64711,112,680,51925,12786
101,64812,101,681,52001,12811
101,64913,101,682,52087,12826
106,65019,106,683,52177,12842
101,65120,101,684,52257,12863
111,65231,111,685,52344,12887
101,65332,101,686,52422,12910
101,65433,101,687,52503,12930
101,65534,101,688,52580,12954
104,65638,104,689,52662,12976
101,65739,101,690,52747,12992
101,65840,101,691,52827,13013
101,65941,101,692,52907,13034
101,66042,101,693,52992,13050
101,66143,101,694,53080,13063
69,66212,69,695,53134,13078
101,66313,101,696,53215,13098
101,66414,101,697,53295,13119
32,66446,32,698,53323,13123
101,66547,101,699,53402,13145
101,66648,101,700,53484,13164
101,66749,101,701,53564,13185
109,66858,109,702,53652,13206
101,66959,101,703,53738,13221
101,67060,101,704,53818,13242
101,67161,101,705,53895,13266
101,67262,101,706,53984,13278
101,67363,101,707,54056,13307
32,67395,32,708,54086,13309
101,67496,101,709,54167,13329
101,67597,101,710,54251,13346
101,67698,101,711,54328,13370
101,67799,101,712,54405,13394
101,67900,101,713,54484,13416
101,68001,101,714,54564,13437
32,68033,32,715,54592,13441
101,68134,101,716,54675,13459
101,68235,101,717,54755,13480
101,68336,101,718,54825,13511
32,68368,32,719,54856,13512
101,68469,101,720,54936,13533
101,68570,101,721,55013,13557
101,68671,101,722,55091,13580
101,68772,101,723,55174,13598
101,68873,101,724,55248,13625
101,68974,101,725,55332,13642
101,69075,101,726,55415,13660
101,69176,101,727,55494,13682
101,69277,101,728,55578,13699
101,69378,101,729,55655,13723
101,69479,101,730,55729,13750
65,69544,65,731,55782,13762
101,69645,101,732,55863,13782
64,69709,64,733,55920,13789
101,69810,101,734,56001,13809
101,69911,101,735,56085,13826
101,70012,101,736,56164,13848
101,70113,101,737,56246,13867
101,70214,101,738,56326,13888
101,70315,101,739,56404,13911
101,70416,101,740,56485,13931
101,70517,101,741,56557,13960
101,70618,101,742,56631,13987
101,70719,101,743,56706,14013
101,70820,101,744,56790,14030
67,70887,67,745,56848,14039
113,71000,113,746,56940,14060
51,71051,51,747,56982,14069
101,71152,101,748,57065,14087
101,71253,101,749,57146,14107
101,71354,101,750,57222,14132
101,71455,101,751,57300,14155
101,71556,101,752,57381,14175
117,71673,117,753,57476,14197
101,71774,101,754,57555,14219
48,71822,48,755,57598,14224
57,71879,57,756,57645,14234
101,71980,101,757,57718,14262
90,72070,90,758,57789,14281
103,72173,103,759,57870,14303
101,72274,101,760,57955,14319
101,72375,101,761,58038,14337
101,72476,101,762,58123,14353
101,72577,101,763,58198,14379
101,72678,101,764,58274,14404
101,72779,101,765,58353,14426
105,72884,105,766,58434,14450
110,72994,110,767,58524,14470
101,73095,101,768,58605,14490
103,73198,103,769,58689,14509
101,73299,101,770,58770,14529
101,73400,101,771,58859,14541
107,73507,107,772,58946,14561
101,73608,101,773,59025,14583
101,73709,101,774,59105,14604
106,73815,106,775,59195,14620
105,73920,105,776,59281,14639
36,73956,36,777,59311,14645
101,74057,101,778,59390,14667
101,74158,101,779,59472,14686
101,74259,101,780,59549,14710
101,74360,101,781,59634,14726
101,74461,101,782,59710,14751
101,74562,101,783,59792,14770
101,74663,101,784,59871,14792
101,74764,101,785,59950,14814
101,74865,101,786,60031,14834
101,74966,101,787,60111,14855
101,75067,101,788,60191,14876
101,75168,101,789,60274,14894
43,75211,43,790,60312,14899
116,75327,116,791,60408,14919
101,75428,101,792,60493,14935
101,75529,101,793,60574,14955
101,75630,101,794,60655,14975
32,75662,32,795,60685,14977
101,75763,101,796,60765,14998
101,75864,101,797,60844,15020
101,75965,101,798,60922,15043
137,76102,137,799,61031,15071
104,76206,104,800,61116,15090
105,76311,105,801,61198,15113
101,76412,101,802,61281,15131
111,76523,111,803,61369,15154
101,76624,101,804,61451,15173
103,76727,103,805,61536,15191
101,76828,101,806,61618,15210
51,76879,51,807,61663,15216
100,76979,100,808,61745,15234
110,77089,110,809,61831,15258
112,77201,112,810,61915,15286
101,77302,101,811,61995,15307
101,77403,101,812,62080,15323
101,77504,101,813,62162,15342
101,77605,101,814,62247,15358
101,77706,101,815,62325,15381
61,77767,61,816,62377,15390
101,77868,101,817,62461,15407
101,77969,101,818,62543,15426
101,78070,101,819,62625,15445
101,78171,101,820,62710,15461
101,78272,101,821,62787,15485
101,78373,101,822,62876,15497
101,78474,101,823,62960,15514
36,78510,36,824,62989,15521
101,78611,101,825,63067,15544
101,78712,101,826,63153,15559
101,78813,101,827,63232,15581
32,78845,32,828,63262,15583
101,78946,101,829,63341,15605
103,79049,103,830,63427,15622
101,79150,101,831,63506,15644
106,79256,106,832,63590,15666
101,79357,101,833,63670,15687
106,79463,106,834,63759,15704
88,79551,88,835,63835,15716
101,79652,101,836,63913,15739
101,79753,101,837,63997,15756
101,79854,101,838,64076,15778
101,79955,101,839,64148,15807
101,80056,101,840,64227,15829
32,80088,32,841,64258,15830
101,80189,101,842,64333,15856
101,80290,101,843,64412,15878
101,80391,101,844,64491,15900
101,80492,101,845,64577,15915
97,80589,97,846,64659,15930
101,80690,101,847,64745,15945
101,80791,101,848,64824,15967
101,80892,101,849,64905,15987
52,80944,52,850,64946,15998
41,80985,41,851,64981,16004
101,81086,101,852,65062,16024
101,81187,101,853,65139,16048
101,81288,101,854,65218,16070
101,81389,101,855,65303,16086
101,81490,101,856,65377,16113
101,81591,101,857,65461,16130
101,81692,101,858,65546,16146
101,81793,101,859,65623,16170
101,81894,101,860,65706,16188
101,81995,101,861,65790,16205
111,82106,111,862,65881,16225
101,82207,101,863,65963,16244
101,82308,101,864,66044,16264
105,82413,105,865,66127,16286
101,82514,101,866,66199,16315
101,82615,101,867,66274,16341
83,82698,83,868,66345,16353
101,82799,101,869,66424,16375
101,82900,101,870,66505,16395
101,83001,101,871,66589,16412
101,83102,101,872,66673,16429
101,83203,101,873,66747,16456
101,83304,101,874,66827,16477
101,83405,101,875,66904,16501
101,83506,101,876,66983,16523
80,83586,80,877,67048,16538
101,83687,101,878,67128,16559
101,83788,101,879,67205,16583
145,83933,145,880,67324,16609
101,84034,101,881,67408,16626
101,84135,101,882,67487,16648
101,84236,101,883,67565,16671
101,84337,101,884,67635,16702
101,84438,101,885,67713,16725
101,84539,101,886,67799,16740
101,84640,101,887,67883,16757
114,84754,114,888,67973,16781
101,84855,101,889,68054,16801
101,84956,101,890,68134,16822
41,84997,41,891,68168,16829
101,85098,101,892,68254,16844
101,85199,101,893,68337,16862
98,85297,98,894,68420,16877
101,85398,101,895,68497,16901
103,85501,103,896,68584,16917
106,85607,106,897,68668,16939
101,85708,101,898,68748,16960
101,85809,101,899,68829,16980
101,85910,101,900,68898,17012
47,85957,47,901,68936,17021
101,86058,101,902,69017,17041
101,86159,101,903,69096,17063
109,86268,109,904,69180,17088
101,86369,101,905,69260,17109
101,86470,101,906,69342,17128
32,86502,32,907,69372,17130
101,86603,101,908,69452,17151
87,86690,87,909,69521,17169
101,86791,101,910,69610,17181
32,86823,32,911,69636,17187
101,86924,101,912,69713,17211
101,87025,101,913,69790,17235
101,87126,101,914,69870,17256
110,87236,110,915,69966,17270
101,87337,101,916,70043,17294
101,87438,101,917,70126,17312
101,87539,101,918,70207,17332
101,87640,101,919,70289,17351
101,87741,101,920,70378,17363
101,87842,101,921,70449,17393
101,87943,101,922,70534,17409
101,88044,101,923,70619,17425
101,88145,101,924,70706,17439
101,88246,101,925,70786,17460
101,88347,101,926,70867,17480
101,88448,101,927,70951,17497
61,88509,61,928,70999,17510
101,88610,101,929,71081,17529
101,88711,101,930,71164,17547
110,88821,110,931,71251,17570
101,88922,101,932,71335,17587
67,88989,67,933,71389,17600
101,89090,101,934,71473,17617
101,89191,101,935,71550,17641
74,89265,74,936,71613,17652
101,89366,101,937,71690,17676
101,89467,101,938,71765,17702
101,89568,101,939,71845,17723
101,89669,101,940,71922,17747
101,89770,101,941,72008,17762
32,89802,32,942,72036,17766
101,89903,101,943,72112,17791
101,90004,101,944,72189,17815
101,90105,101,945,72264,17841
101,90206,101,946,72343,17863
101,90307,101,947,72420,17887
101,90408,101,948,72500,17908
101,90509,101,949,72580,17929
101,90610,101,950,72653,17957
101,90711,101,951,72732,17979
101,90812,101,952,72814,17998
107,90919,107,953,72892,18027
101,91020,101,954,72971,18049
137,91157,137,955,73085,18072
101,91258,101,956,73162,18096
101,91359,101,957,73249,18110
101,91460,101,958,73321,18139
115,91575,115,959,73414,18161
32,91607,32,960,73442,18165
101,91708,101,961,73522,18186
101,91809,101,962,73603,18206
101,91910,101,963,73688,18222
101,92011,101,964,73769,18242
101,92112,101,965,73848,18264
101,92213,101,966,73923,18290
101,92314,101,967,74001,18313
101,92415,101,968,74081,18334
101,92516,101,969,74162,18354
112,92628,112,970,74251,18377
32,92660,32,971,74281,18379
101,92761,101,972,74358,18403
101,92862,101,973,74437,18425
101,92963,101,974,74524,18439
101,93064,101,975,74599,18465
101,93165,101,976,74676,18489
101,93266,101,977,74752,18514
101,93367,101,978,74835,18532
101,93468,101,979,74915,18553
101,93569,101,980,74999,18570
101,93670,101,981,75074,18596
101,93771,101,982,75148,18623
101,93872,101,983,75229,18643
101,93973,101,984,75309,18664
101,94074,101,985,75382,18692
107,94181,107,986,75472,18709
109,94290,109,987,75561,18729
34,94324,34,988,75592,18732
101,94425,101,989,75667,18758
101,94526,101,990,75743,18783
108,94634,108,991,75830,18804
101,94735,101,992,75915,18820
101,94836,101,993,75992,18844
32,94868,32,994,76019,18849
101,94969,101,995,76102,18867
101,95070,101,996,76186,18884
101,95171,101,997,76260,18911
101,95272,101,998,76334,18938
32,95304,32,999,76363,18941
101,95405,101,1000,76447,18958
101,95506,101,1001,76524,18982
101,95607,101,1002,76604,19003
101,95708,101,1003,76688,19020
94,95802,94,1004,76764,19038
101,95903,101,1005,76840,19063
101,96004,101,1006,76923,19081
101,96105,101,1007,77003,19102
51,96156,51,1008,77047,19109
101,96257,101,1009,77121,19136
101,96358,101,1010,77203,19155
101,96459,101,1011,77280,19179
101,96560,101,1012,77360,19200
101,96661,101,1013,77441,19220
105,96766,105,1014,77523,19243
88,96854,88,1015,77596,19258
101,96955,101,1016,77675,19280
101,97056,101,1017,77751,19305
101,97157,101,1018,77834,19323
101,97258,101,1019,77913,19345
64,97322,64,1020,77966,19356
101,97423,101,1021,78046,19377
101,97524,101,1022,78128,19396
101,97625,101,1023,78210,19415
101,97726,101,1024,78293,19433
101,97827,101,1025,78369,19458
101,97928,101,1026,78454,19474
101,98029,101,1027,78532,19497
108,98137,108,1028,78615,19522
101,98238,101,1029,78696,19542
101,98339,101,1030,78775,19564
101,98440,101,1031,78864,19576
101,98541,101,1032,78945,19596
69,98610,69,1033,79006,19604
104,98714,104,1034,79086,19628
101,98815,101,1035,79163,19652
101,98916,101,1036,79247,19669
101,99017,101,1037,79330,19687
86,99103,86,1038,79403,19700
101,99204,101,1039,79488,19716
101,99305,101,1040,79568,19737
101,99406,101,1041,79642,19764
102,99508,102,1042,79720,19788
101,99609,101,1043,79797,19812
101,99710,101,1044,79880,19830
101,99811,101,1045,79961,19850
101,99912,101,1046,80046,19866
