iteration,successes,reward_episode,episode_count,random_act,timestep,epsilon
101,101,202,1,101,0,1.0
101,202,202,2,201,1,0.9901493354116764
101,303,202,3,300,3,0.9803966865736877
101,404,202,4,398,6,0.970741078213023
101,505,202,5,493,12,0.9611815447608
101,606,202,6,589,17,0.9517171302557069
101,707,202,7,681,26,0.9423468882484062
101,808,202,8,774,34,0.9330698817068888
101,909,202,9,868,41,0.9238851829227694
101,1010,202,10,959,51,0.9147918734185159
101,1111,202,11,1048,63,0.9057890438555999
101,1212,202,12,1138,74,0.896875793943563
101,1313,202,13,1230,83,0.888051232349986
101,1414,202,14,1320,94,0.8793144766113556
101,1515,202,15,1405,110,0.8706646530448178
101,1616,202,16,1490,126,0.8621008966608072
101,1717,202,17,1580,137,0.8536223510765493
101,1818,202,18,1664,154,0.8452281684304199
101,1919,202,19,1749,170,0.8369175092971592
101,2020,202,20,1831,189,0.8286895426039287
101,2121,202,21,1910,211,0.820543445547202
101,2222,202,22,1998,224,0.8124784035104852
101,2323,202,23,2075,248,0.8044936099828537
101,2424,202,24,2156,268,0.7965882664783007
101,2525,202,25,2236,289,0.7887615824558879
101,2626,202,26,2318,308,0.7810127752406908
101,2727,202,27,2402,325,0.7733410699455306
101,2828,202,28,2487,341,0.7657456993934846
101,2929,202,29,2562,367,0.7582259040411682
101,3030,202,30,2633,397,0.7507809319027796
101,3131,202,31,2713,418,0.7434100384749007
101,3232,202,32,2785,447,0.7361124866620463
101,3333,202,33,2861,472,0.7288875467029541
101,3434,202,34,2936,498,0.7217344960976069
101,3535,202,35,3008,527,0.7146526195349836
101,3636,202,36,3076,560,0.7076412088215263
101,3737,202,37,3148,589,0.7006995628103208
101,3838,202,38,3221,617,0.6938269873309811
101,3939,202,39,3298,641,0.6870227951202322
101,4040,202,40,3357,683,0.680286305753183
101,4141,202,41,3423,718,0.6736168455752829
101,4242,202,42,3489,753,0.6670137476349562
101,4343,202,43,3557,786,0.6604763516169062
101,4444,202,44,3629,815,0.6540040037760834
101,4545,202,45,3693,852,0.64759605687231
101,4646,202,46,3763,883,0.6412518701055556
101,4747,202,47,3821,926,0.6349708090518567
101,4848,202,48,3878,970,0.6287522455998737
101,4949,202,49,3947,1002,0.6225955578880794
101,5050,202,50,4009,1041,0.616500130242572
101,5151,202,51,4067,1084,0.6104653531155071
101,5252,202,52,4132,1120,0.6044906230241432
101,5353,202,53,4191,1162,0.5985753424904925
101,5454,202,54,4258,1196,0.5927189199815717
101,5555,202,55,4318,1237,0.5869207698502498
101,5656,202,56,4379,1277,0.5811803122766818
101,5757,202,57,4429,1328,0.5754969732103268
101,5858,202,58,4479,1379,0.5698701843125418
101,5959,202,59,4542,1417,0.564299382899748
101,6060,202,60,4597,1463,0.558784011887162
101,6161,202,61,4651,1510,0.5533235197330862
101,6262,202,62,4707,1555,0.5479173603837548
101,6363,202,63,4764,1599,0.5425649932187278
101,6464,202,64,4813,1651,0.5372658829968282
101,6565,202,65,4864,1701,0.5320194998026181
101,6666,202,66,4911,1755,0.5268253189934059
101,6767,202,67,4955,1812,0.5216828211467822
101,6868,202,68,5014,1854,0.516591492008677
101,6969,202,69,5067,1902,0.5115508224419336
101,7070,202,70,5117,1953,0.5065603083753949
101,7171,202,71,5165,2006,0.5016194507534953
101,7272,202,72,5214,2058,0.49672775548635545
101,7373,202,73,5272,2101,0.491884733400372
101,7474,202,74,5318,2156,0.48708990018930043
101,7575,202,75,5374,2201,0.48234277636582407
101,7676,202,76,5421,2255,0.47764288721360454
101,7777,202,77,5460,2317,0.47298976273981014
101,7878,202,78,5515,2363,0.4683829376281158
101,7979,202,79,5558,2421,0.4638219511921713
101,8080,202,80,5600,2480,0.4593063473295323
101,8181,202,81,5637,2544,0.45483567447604933
101,8282,202,82,5681,2601,0.4504094855607117
101,8383,202,83,5735,2648,0.44602733796093924
101,8484,202,84,5783,2701,0.4416887934583202
101,8585,202,85,5833,2752,0.43739341819478894
101,8686,202,86,5880,2806,0.43314078262923944
101,8787,202,87,5926,2861,0.4289304614945713
101,8888,202,88,5971,2917,0.42476203375516264
101,8989,202,89,6011,2978,0.42063508256476556
101,9090,202,90,6054,3036,0.41654919522482203
101,9191,202,91,6093,3098,0.4125039631431931
101,9292,202,92,6140,3152,0.40849898179329963
101,9393,202,93,6183,3210,0.404533850673669
101,9494,202,94,6223,3271,0.40060817326788506
101,9595,202,95,6260,3335,0.3967215570049359
101,9696,202,96,6303,3393,0.3928736132199562
101,9797,202,97,6341,3456,0.38906395711536096
101,9898,202,98,6387,3511,0.38529220772236483
101,9999,202,99,6422,3577,0.3815579878628856
101,10100,202,100,6462,3638,0.37786092411182526
101,10201,202,101,6507,3694,0.3742006467597279
101,10302,202,102,6541,3761,0.3705767897758081
101,10403,202,103,6576,3827,0.3669889907713475
101,10504,202,104,6611,3893,0.36343689096345594
101,10605,202,105,6644,3961,0.35992013513919235
101,10706,202,106,6685,4021,0.35643837162004377
101,10807,202,107,6714,4093,0.3529912522267568
101,10908,202,108,6752,4156,0.34957843224451957
101,11009,202,109,6780,4229,0.34619957038848975
101,11110,202,110,6814,4296,0.34285432876966604
101,11211,202,111,6847,4364,0.3395423728610988
101,11312,202,112,6877,4435,0.3362633714644372
101,11413,202,113,6909,4504,0.33301699667680906
101,11514,202,114,6937,4577,0.3298029238580304
101,11615,202,115,6967,4648,0.3266208315981408
101,11716,202,116,7003,4713,0.32347040168526264
101,11817,202,117,7045,4772,0.3203513190737793
101,11918,202,118,7078,4840,0.3172632718528302
101,12019,202,119,7114,4905,0.31420595121511996
101,12120,202,120,7145,4975,0.311179051426037
101,12221,202,121,7180,5041,0.3081822697930801
101,12322,202,122,7204,5118,0.3052153066355885
101,12423,202,123,7230,5193,0.30227786525477407
101,12524,202,124,7260,5264,0.29936965190405085
101,12625,202,125,7290,5335,0.29649037575966014
101,12726,202,126,7321,5405,0.29363974889158817
101,12827,202,127,7357,5470,0.2908174862347727
101,12928,202,128,7397,5531,0.28802330556059597
101,13029,202,129,7430,5599,0.2852569274486622
101,13130,202,130,7459,5671,0.2825180752588548
101,13231,202,131,7490,5741,0.27980647510367246
101,13332,202,132,7522,5810,0.2771218558208399
101,13433,202,133,7542,5891,0.27446394894619186
101,13534,202,134,7564,5970,0.27183248868682575
101,13635,202,135,7585,6050,0.26922721189452276
101,13736,202,136,7616,6120,0.2666478580394326
101,13837,202,137,7641,6196,0.26409416918402034
101,13938,202,138,7668,6270,0.26156588995727226
101,14039,202,139,7694,6345,0.2590627675291589
101,14140,202,140,7720,6420,0.2565845515853515
101,14241,202,141,7737,6504,0.2541309943021904
101,14342,202,142,7760,6582,0.25170185032190273
101,14443,202,143,7791,6652,0.24929687672806608
101,14544,202,144,7809,6735,0.246915833021317
101,14645,202,145,7838,6807,0.24455848109530054
101,14746,202,146,7866,6880,0.2422245852128597
101,14847,202,147,7895,6952,0.23991391198246126
101,14948,202,148,7914,7034,0.2376262303348566
101,15049,202,149,7941,7108,0.2353613114999746
101,15150,202,150,7966,7184,0.23311892898404435
101,15251,202,151,7985,7266,0.23089885854694553
101,15352,202,152,8006,7346,0.22870087817978443
101,15453,202,153,8024,7429,0.22652476808269262
101,15554,202,154,8050,7504,0.22437031064284702
101,15655,202,155,8073,7582,0.22223729041270818
101,15756,202,156,8088,7668,0.22012549408847562
101,15857,202,157,8110,7747,0.21803471048875708
101,15958,202,158,8136,7822,0.21596473053345028
101,16059,202,159,8154,7905,0.21391534722283462
101,16160,202,160,8172,7988,0.2118863556168713
101,16261,202,161,8190,8071,0.20987755281470882
101,16362,202,162,8212,8150,0.20788873793439305
101,16463,202,163,8232,8231,0.2059197120927785
101,16564,202,164,8256,8308,0.20397027838564025
101,16665,202,165,8278,8387,0.20204024186798297
101,16766,202,166,8293,8473,0.20012940953454655
101,16867,202,167,8314,8553,0.1982375903005053
101,16968,202,168,8335,8633,0.19636459498235934
101,17069,202,169,8357,8712,0.19451023627901587
101,17170,202,170,8373,8797,0.19267432875305937
101,17271,202,171,8389,8882,0.19085668881220733
101,17372,202,172,8408,8964,0.1890571346909509
101,17473,202,173,8422,9051,0.1872754864323783
101,17574,202,174,8441,9133,0.18551156587017906
101,17675,202,175,8453,9222,0.1837651966108269
101,17776,202,176,8471,9305,0.1820362040159407
101,17877,202,177,8488,9389,0.18032441518482004
101,17978,202,178,8507,9471,0.17862965893715535
101,18079,202,179,8530,9549,0.17695176579590954
101,18180,202,180,8543,9637,0.1752905679703703
101,18281,202,181,8562,9719,0.17364589933937066
101,18382,202,182,8574,9808,0.172017595434677
101,18483,202,183,8601,9882,0.17040549342454195
101,18584,202,184,8618,9966,0.16880943209742102
101,18685,202,185,8636,10049,0.16722925184585147
101,18786,202,186,8648,10138,0.16566479465049133
101,18887,202,187,8662,10225,0.16411590406431734
101,18988,202,188,8683,10305,0.1625824251969801
101,19089,202,189,8709,10380,0.16106420469931504
101,19190,202,190,8727,10463,0.15956109074800714
101,19291,202,191,8736,10555,0.1580729330304087
101,19392,202,192,8757,10635,0.15659958272950783
101,19493,202,193,8774,10719,0.15514089250904667
101,19594,202,194,8792,10802,0.1536967164987875
101,19695,202,195,8809,10886,0.1522669102799259
101,19796,202,196,8829,10967,0.15085133087064845
101,19897,202,197,8843,11054,0.14944983671183457
101,19998,202,198,8853,11145,0.14806228765290044
101,20099,202,199,8869,11230,0.1466885449377839
101,20200,202,200,8876,11324,0.14532847119106862
101,20301,202,201,8896,11405,0.1439819304042466
101,20402,202,202,8910,11492,0.14264878792211688
101,20503,202,203,8917,11586,0.1413289104293205
101,20604,202,204,8930,11674,0.14002216593700811
101,20705,202,205,8940,11765,0.13872842376964165
101,20806,202,206,8957,11849,0.1374475545519262
101,20907,202,207,8969,11938,0.13617943019587256
101,21008,202,208,8983,12025,0.13492392388798838
101,21109,202,209,8995,12114,0.13368091007659658
101,21210,202,210,9008,12202,0.1324502644592803
101,21311,202,211,9019,12292,0.13123186397045208
101,21412,202,212,9041,12371,0.13002558676904785
101,21513,202,213,9050,12463,0.12883131222634217
101,21614,202,214,9062,12552,0.12764892091388555
101,21715,202,215,9073,12642,0.1264782945915614
101,21816,202,216,9084,12732,0.125319316195762
101,21917,202,217,9095,12822,0.12417186982768189
101,22018,202,218,9104,12914,0.12303584074172813
101,22119,202,219,9114,13005,0.12191111533404535
101,22220,202,220,9126,13094,0.12079758113115559
101,22321,202,221,9141,13180,0.11969512677871053
101,22422,202,222,9154,13268,0.11860364203035628
101,22523,202,223,9167,13356,0.11752301773670837
101,22624,202,224,9184,13440,0.116453145834437
101,22725,202,225,9196,13529,0.11539391933546027
101,22826,202,226,9205,13621,0.11434523231624569
101,22927,202,227,9214,13713,0.11330697990721733
101,23028,202,228,9228,13800,0.1122790582822692
101,23129,202,229,9244,13885,0.11126136464838206
101,23230,202,230,9250,13980,0.11025379723534455
101,23331,202,231,9264,14067,0.10925625528557566
101,23432,202,232,9274,14158,0.1082686390440492
101,23533,202,233,9284,14249,0.10729084974831793
101,23634,202,234,9292,14342,0.10632278961863742
101,23735,202,235,9302,14433,0.10536436184818809
101,23836,202,236,9318,14518,0.10441547059339411
101,23937,202,237,9334,14603,0.10347602096433932
101,24038,202,238,9350,14688,0.10254591901527788
101,24139,202,239,9362,14777,0.10162507173523985
101,24240,202,240,9376,14864,0.10071338703872978
101,24341,202,241,9382,14959,0.09981077375651838
101,24442,202,242,9397,15045,0.09891714162652515
101,24543,202,243,9409,15134,0.09803240128479247
101,24644,202,244,9423,15221,0.09715646425654882
101,24745,202,245,9432,15313,0.09628924294736148
101,24846,202,246,9438,15408,0.09543065063437678
101,24947,202,247,9451,15496,0.09458060145764802
101,25048,202,248,9463,15585,0.09373901041154904
101,25149,202,249,9477,15672,0.092905793336274
101,25250,202,250,9482,15768,0.09208086690942092
101,25351,202,251,9493,15858,0.0912641486376598
101,25452,202,252,9503,15949,0.09045555684848275
101,25553,202,253,9516,16037,0.08965501068203711
101,25654,202,254,9525,16129,0.08886243008303903
101,25755,202,255,9531,16224,0.08807773579276819
101,25856,202,256,9540,16316,0.08730084934114159
101,25957,202,257,9548,16409,0.08653169303886674
101,26058,202,258,9557,16501,0.0857701899696724
101,26159,202,259,9563,16596,0.08501626398261702
101,26260,202,260,9572,16688,0.0842698396844737
101,26361,202,261,9579,16782,0.08353084243219053
101,26462,202,262,9585,16877,0.08279919832542652
101,26563,202,263,9595,16968,0.08207483419916123
101,26664,202,264,9604,17060,0.08135767761637844
101,26765,202,265,9612,17153,0.08064765686082219
101,26866,202,266,9621,17245,0.0799447009298253
101,26967,202,267,9628,17339,0.0792487395272088
101,27068,202,268,9632,17436,0.07855970305625253
101,27169,202,269,9639,17530,0.07787752261273513
101,27270,202,270,9651,17619,0.07720212997804382
101,27371,202,271,9659,17712,0.07653345761235225
101,27472,202,272,9672,17800,0.07587143864786668
101,27573,202,273,9684,17889,0.07521600688213892
101,27674,202,274,9691,17983,0.07456709677144624
101,27775,202,275,9702,18073,0.07392464342423678
101,27876,202,276,9710,18166,0.0732885825946405
101,27977,202,277,9719,18258,0.07265885067604429
101,28078,202,278,9728,18350,0.07203538469473161
101,28179,202,279,9736,18443,0.0714181223035847
101,28280,202,280,9742,18538,0.07080700177585013
101,28381,202,281,9751,18630,0.07020196199896576
101,28482,202,282,9758,18724,0.06960294246844981
101,28583,202,283,9765,18818,0.06900988328184997
101,28684,202,284,9772,18912,0.06842272513275337
101,28785,202,285,9777,19008,0.06784140930485581
101,28886,202,286,9783,19103,0.06726587766609007
101,28987,202,287,9786,19201,0.06669607266281269
101,29088,202,288,9794,19294,0.06613193731404843
101,29189,202,289,9800,19389,0.06557341520579238
101,29290,202,290,9804,19486,0.06502045048536823
101,29391,202,291,9810,19581,0.06447298785584316
101,29492,202,292,9817,19675,0.06393097257049796
101,29593,202,293,9824,19769,0.06339435042735246
101,29694,202,294,9826,19868,0.06286306776374512
101,29795,202,295,9833,19962,0.06233707145096687
101,29896,202,296,9839,20057,0.06181630888894806
101,29997,202,297,9844,20153,0.061300728000998575
101,30098,202,298,9846,20252,0.06079027722859992
101,30199,202,299,9851,20348,0.060284905526249516
101,30300,202,300,9860,20440,0.05978456235635595
101,30401,202,301,9862,20539,0.05928919768418531
101,30502,202,302,9868,20634,0.05879876197285753
101,30603,202,303,9870,20733,0.058313206178392835
101,30704,202,304,9875,20829,0.05783248174480709
101,30805,202,305,9881,20924,0.057356540599256385
101,30906,202,306,9887,21019,0.0568853351472295
101,31007,202,307,9895,21112,0.0564188182677886
101,31108,202,308,9898,21210,0.05595694330885694
101,31209,202,309,9906,21303,0.05549966408255377
101,31310,202,310,9914,21396,0.05504693486057535
101,31411,202,311,9919,21492,0.05459871036962222
101,31512,202,312,9924,21588,0.05415494578687179
101,31613,202,313,9929,21684,0.05371559673549593
101,31714,202,314,9933,21781,0.053280619280223436
101,31815,202,315,9937,21878,0.05284996992294624
101,31916,202,316,9943,21973,0.05242360559836979
101,32017,202,317,9948,22069,0.05200148366970627
101,32118,202,318,9953,22165,0.051583561924411096
101,32219,202,319,9959,22260,0.05116979856996143
101,32320,202,320,9965,22355,0.050760152229677065
101,32421,202,321,9969,22452,0.05035458193858255
101,32522,202,322,9974,22548,0.049953047139310834
101,32623,202,323,9982,22641,0.04955550767804736
101,32724,202,324,9986,22738,0.04916192380051474
101,32825,202,325,9993,22832,0.0487722561479972
101,32926,202,326,10000,22926,0.04838646575340479
101,33027,202,327,10004,23023,0.04800451403737654
101,33128,202,328,10006,23122,0.04762636280442257
101,33229,202,329,10010,23219,0.04725197423910444
101,33330,202,330,10012,23318,0.04688131090225365
101,33431,202,331,10017,23414,0.046514335727227595
101,33532,202,332,10020,23512,0.046151012016203
101,33633,202,333,10026,23607,0.04579130343650595
101,33734,202,334,10031,23703,0.04543517401697875
101,33835,202,335,10033,23802,0.04508258814438266
101,33936,202,336,10043,23893,0.04473351055983658
101,34037,202,337,10048,23989,0.044387906355291176
101,34138,202,338,10053,24085,0.04404574097003798
101,34239,202,339,10060,24179,0.04370698018725335
101,34340,202,340,10064,24276,0.043371590130576676
101,34441,202,341,10069,24372,0.04303953726072282
101,34542,202,342,10070,24472,0.042710788372128064
101,34643,202,343,10072,24571,0.042385310589629625
101,34744,202,344,10075,24669,0.04206307136517797
101,34845,202,345,10077,24768,0.04174403847458216
101,34946,202,346,10079,24867,0.04142818001428726
101,35047,202,347,10083,24964,0.04111546439818403
101,35148,202,348,10087,25061,0.04080586035445025
101,35249,202,349,10093,25156,0.040499336922423565
101,35350,202,350,10097,25253,0.040195863449505306
101,35451,202,351,10100,25351,0.039895409588095315
101,35552,202,352,10106,25446,0.039597945292557044
101,35653,202,353,10107,25546,0.03930344081621308
101,35754,202,354,10110,25644,0.03901186670837034
101,35855,202,355,10117,25738,0.03872319381137508
101,35956,202,356,10117,25839,0.03843739325769703
101,36057,202,357,10118,25939,0.03815443646704266
101,36158,202,358,10119,26039,0.03787429514349709
101,36259,202,359,10121,26138,0.03759694127269454
101,36360,202,360,10123,26237,0.037322347119016795
101,36461,202,361,10125,26336,0.03705048522281963
101,36562,202,362,10126,26436,0.03678132839768691
101,36663,202,363,10131,26532,0.036514849727711796
101,36764,202,364,10135,26629,0.03625102256480524
101,36865,202,365,10138,26727,0.03598982052603108
101,36966,202,366,10138,26828,0.0357312174909678
101,37067,202,367,10139,26928,0.03547518759909634
101,37168,202,368,10143,27025,0.035221705247214206
101,37269,202,369,10146,27123,0.03497074508687494
101,37370,202,370,10147,27223,0.034722282021853394
101,37471,202,371,10150,27321,0.034476291205635994
101,37572,202,372,10155,27417,0.034232748038936146
101,37673,202,373,10158,27515,0.0339916281672342
101,37774,202,374,10164,27610,0.03375290747834208
101,37875,202,375,10167,27708,0.033516562099991945
101,37976,202,376,10171,27805,0.03328256839744902
101,38077,202,377,10175,27902,0.03305090297114803
101,38178,202,378,10179,27999,0.03282154265435332
101,38279,202,379,10185,28094,0.03259446451084204
101,38380,202,380,10186,28194,0.03236964583261064
101,38481,202,381,10191,28290,0.03214706413760394
101,38582,202,382,10195,28387,0.03192669716746694
101,38683,202,383,10199,28484,0.031708522885318995
101,38784,202,384,10201,28583,0.031492519473550085
101,38885,202,385,10201,28684,0.031278665331639026
101,38986,202,386,10204,28782,0.031066939073993396
101,39087,202,387,10210,28877,0.030857319527811018
101,39188,202,388,10212,28976,0.030649785730962574
101,39289,202,389,10216,29073,0.030444316929895437
101,39390,202,390,10219,29171,0.030240892577558277
101,39491,202,391,10222,29269,0.030039492331346347
101,39592,202,392,10227,29365,0.029840096051067175
101,39693,202,393,10227,29466,0.029642683796926583
101,39794,202,394,10229,29565,0.02944723582753464
101,39895,202,395,10230,29665,0.029253732597931535
101,39996,202,396,10230,29766,0.029062154757633053
101,40097,202,397,10232,29865,0.02887248314869552
101,40198,202,398,10236,29962,0.028684698803799973
101,40299,202,399,10240,30059,0.02849878294435545
101,40400,202,400,10244,30156,0.02831471697862105
101,40501,202,401,10246,30255,0.028132482499846838
101,40602,202,402,10249,30353,0.027952061284433068
101,40703,202,403,10251,30452,0.02777343529010782
101,40804,202,404,10254,30550,0.027596586654122846
101,40905,202,405,10256,30649,0.027421497691467157
101,41006,202,406,10262,30744,0.02724815089309858
101,41107,202,407,10262,30845,0.0270765289241928
101,41208,202,408,10264,30944,0.026906614622409945
101,41309,202,409,10268,31041,0.026738390996178224
101,41410,202,410,10269,31141,0.026571841222994823
101,41511,202,411,10272,31239,0.026406948647743643
101,41612,202,412,10275,31337,0.026243696781029717
101,41713,202,413,10277,31436,0.026082069297530375
101,41814,202,414,10277,31537,0.02592205003436255
101,41915,202,415,10278,31637,0.025763622989466578
101,42016,202,416,10279,31737,0.025606772320005942
101,42117,202,417,10282,31835,0.025451482340783003
101,42218,202,418,10285,31933,0.02529773752267042
101,42319,202,419,10287,32032,0.025145522491058264
101,42420,202,420,10288,32132,0.02499482202431651
101,42521,202,421,10292,32229,0.024845621052272927
101,42622,202,422,10294,32328,0.024697904654705963
101,42723,202,423,10297,32426,0.024551658059852766
101,42824,202,424,10299,32525,0.024406866642931964
101,42925,202,425,10301,32624,0.024263515924681227
101,43026,202,426,10303,32723,0.024121591569909263
101,43127,202,427,10305,32822,0.023981079386062323
101,43228,202,428,10307,32921,0.023841965321804916
101,43329,202,429,10307,33022,0.023704235465614704
101,43430,202,430,10310,33120,0.023567876044391298
101,43531,202,431,10310,33221,0.023432873422078924
101,43632,202,432,10315,33317,0.02329921409830285
101,43733,202,433,10319,33414,0.02316688470701933
101,43834,202,434,10323,33511,0.023035872015178954
101,43935,202,435,10324,33611,0.022906162921403357
101,44036,202,436,10324,33712,0.022777744454675064
101,44137,202,437,10329,33808,0.0226506037730404
101,44238,202,438,10332,33906,0.02252472816232525
101,44339,202,439,10336,34003,0.022400105034863643
101,44440,202,440,10337,34103,0.02227672192823897
101,44541,202,441,10342,34199,0.02215456650403775
101,44642,202,442,10344,34298,0.022033626546615788
101,44743,202,443,10349,34394,0.021913889961876536
101,44844,202,444,10350,34494,0.02179534477606175
101,44945,202,445,10354,34591,0.02167797913455405
101,45046,202,446,10354,34692,0.021561781300691488
101,45147,202,447,10356,34791,0.02144673965459385
101,45248,202,448,10356,34892,0.021332842692000656
101,45349,202,449,10356,34993,0.021220079023120713
101,45450,202,450,10358,35092,0.02110843737149319
101,45551,202,451,10362,35189,0.02099790657285988
101,45652,202,452,10364,35288,0.020888475574048812
101,45753,202,453,10367,35386,0.020780133431868894
101,45854,202,454,10368,35486,0.020672869312015653
101,45955,202,455,10373,35582,0.020566672487987697
101,46056,202,456,10375,35681,0.02046153234001413
101,46157,202,457,10376,35781,0.02035743835399253
101,46258,202,458,10376,35882,0.020254380120437558
101,46359,202,459,10378,35981,0.02015234733343998
101,46460,202,460,10379,36081,0.020051329789636065
101,46561,202,461,10382,36179,0.01995131738718724
101,46662,202,462,10383,36279,0.019852300124769934
101,46763,202,463,10384,36379,0.019754268100575387
101,46864,202,464,10384,36480,0.019657211511319474
101,46965,202,465,10385,36580,0.0195611206512624
101,47066,202,466,10388,36678,0.01946598591123807
101,47167,202,467,10390,36777,0.01937179777769322
101,47268,202,468,10390,36878,0.019278546831735997
101,47369,202,469,10394,36975,0.019186223748194096
101,47470,202,470,10395,37075,0.01909481929468222
101,47571,202,471,10396,37175,0.019004324330678855
101,47672,202,472,10399,37273,0.018914729806612192
101,47773,202,473,10403,37370,0.01882602676295516
101,47874,202,474,10406,37468,0.018738206329329453
101,47975,202,475,10411,37564,0.018651259723618557
101,48076,202,476,10413,37663,0.01856517825108943
101,48177,202,477,10414,37763,0.018479953303523082
101,48278,202,478,10420,37858,0.018395576358353725
101,48379,202,479,10424,37955,0.018312038977816556
101,48480,202,480,10424,38056,0.018229332808103887
101,48581,202,481,10427,38154,0.01814744957852983
101,48682,202,482,10431,38251,0.01806638110070318
101,48783,202,483,10434,38349,0.01798611926770862
101,48884,202,484,10436,38448,0.017906656053295947
101,48985,202,485,10437,38548,0.017827983511077505
101,49086,202,486,10440,38646,0.01775009377373351
101,49187,202,487,10442,38745,0.017672979052225327
101,49288,202,488,10444,38844,0.017596631635016534
101,49389,202,489,10448,38941,0.01752104388730179
101,49490,202,490,10449,39041,0.017446208250243338
101,49591,202,491,10450,39141,0.017372117240215094
101,49692,202,492,10451,39241,0.01729876344805433
101,49793,202,493,10451,39342,0.0172261395383207
101,49894,202,494,10451,39443,0.017154238248562697
101,49995,202,495,10452,39543,0.017083052388591435
101,50096,202,496,10453,39643,0.017012574839761596
101,50197,202,497,10456,39741,0.01694279855425957
101,50298,202,498,10457,39841,0.016873716554398652
101,50399,202,499,10458,39941,0.016805321931921288
101,50500,202,500,10462,40038,0.01673760784730824
101,50601,202,501,10463,40138,0.016670567529094613
101,50702,202,502,10466,40236,0.01660419427319272
101,50803,202,503,10466,40337,0.016538481442221656
101,50904,202,504,10468,40436,0.016473422464843575
101,51005,202,505,10470,40535,0.01640901083510651
101,51106,202,506,10474,40632,0.01634524011179382
101,51207,202,507,10475,40732,0.016282103917780018
101,51308,202,508,10477,40831,0.01621959593939311
101,51409,202,509,10478,40931,0.016157709925783147
101,51510,202,510,10479,41031,0.016096439688297208
101,51611,202,511,10483,41128,0.016035779099860478
101,51712,202,512,10486,41226,0.01597572209436357
101,51813,202,513,10488,41325,0.015916262666055885
101,51914,202,514,10491,41423,0.015857394868945038
101,52015,202,515,10492,41523,0.015799112816202266
101,52116,202,516,10494,41622,0.01574141067957372
101,52217,202,517,10495,41722,0.01568428268879766
101,52318,202,518,10496,41822,0.0156277231310274
101,52419,202,519,10498,41921,0.015571726350260025
101,52520,202,520,10498,42022,0.015516286746770792
101,52621,202,521,10499,42122,0.015461398776553163
101,52722,202,522,10500,42222,0.015407056950764372
101,52823,202,523,10503,42320,0.01535325583517655
101,52924,202,524,10504,42420,0.015299990049633304
101,53025,202,525,10505,42520,0.015247254267511699
101,53126,202,526,10505,42621,0.015195043215189571
101,53227,202,527,10507,42720,0.015143351671518179
101,53328,202,528,10509,42819,0.015092174467300075
101,53429,202,529,10509,42920,0.015041506484772198
101,53530,202,530,10510,43020,0.01499134265709407
101,53631,202,531,10511,43120,0.014941677967841115
101,53732,202,532,10511,43221,0.01489250745050302
101,53833,202,533,10512,43321,0.014843826187987082
101,53934,202,534,10514,43420,0.014795629312126479
101,54035,202,535,10516,43519,0.014747912003193458
101,54136,202,536,10519,43617,0.014700669489417359
101,54237,202,537,10521,43716,0.014653897046507443
101,54338,202,538,10522,43816,0.01460758999718044
101,54439,202,539,10526,43913,0.014561743710692824
101,54540,202,540,10529,44011,0.014516353602377746
101,54641,202,541,10530,44111,0.01447141513318654
101,54742,202,542,10534,44208,0.014426923809234849
101,54843,202,543,10535,44308,0.014382875181353196
101,54944,202,544,10538,44406,0.01433926484464209
101,55045,202,545,10538,44507,0.014296088438031505
101,55146,202,546,10538,44608,0.014253341643844817
101,55247,202,547,10541,44706,0.014211020187366974
101,55348,202,548,10542,44806,0.014169119836417065
101,55449,202,549,10543,44906,0.01412763640092507
101,55550,202,550,10544,45006,0.014086565732512882
101,55651,202,551,10544,45107,0.014045903724079427
101,55752,202,552,10546,45206,0.014005646309389977
101,55853,202,553,10546,45307,0.013965789462669513
101,55954,202,554,10548,45406,0.013926329198200155
101,56055,202,555,10548,45507,0.013887261569922569
101,56156,202,556,10548,45608,0.01384858267104137
101,56257,202,557,10551,45706,0.013810288633634434
101,56358,202,558,10552,45806,0.013772375628266116
101,56459,202,559,10554,45905,0.013734839863604284
101,56560,202,560,10555,46005,0.013697677586041186
101,56661,202,561,10555,46106,0.0136608850793181
101,56762,202,562,10557,46205,0.013624458664153696
101,56863,202,563,10558,46305,0.013588394697876097
101,56964,202,564,10558,46406,0.013552689574058628
101,57065,202,565,10558,46507,0.013517339722159148
101,57166,202,566,10561,46605,0.013482341607163007
101,57267,202,567,10562,46705,0.013447691729229546
101,57368,202,568,10564,46804,0.013413386623342096
101,57469,202,569,10565,46904,0.013379422858961477
101,57570,202,570,10566,47004,0.013345797039682946
101,57671,202,571,10569,47102,0.01331250580289656
101,57772,202,572,10569,47203,0.013279545819450893
101,57873,202,573,10570,47303,0.013246913793320138
101,57974,202,574,10572,47402,0.01321460646127448
101,58075,202,575,10572,47503,0.013182620592553802
101,58176,202,576,10573,47603,0.01315095298854457
101,58277,202,577,10574,47703,0.013119600482459998
101,58378,202,578,10576,47802,0.013088559939023343
101,58479,202,579,10578,47901,0.013057828254154401
101,58580,202,580,10579,48001,0.013027402354659073
101,58681,202,581,10583,48098,0.012997279197922058
101,58782,202,582,10585,48197,0.012967455771602571
101,58883,202,583,10586,48297,0.012937929093333135
101,58984,202,584,10588,48396,0.012908696210421315
101,59085,202,585,10591,48494,0.012879754199554458
101,59186,202,586,10591,48595,0.012851100166507357
101,59287,202,587,10592,48695,0.012822731245852837
101,59388,202,588,10592,48796,0.012794644600675184
101,59489,202,589,10594,48895,0.012766837422286476
101,59590,202,590,10596,48994,0.012739306929945703
101,59691,202,591,10598,49093,0.012712050370580685
101,59792,202,592,10599,49193,0.012685065018512777
101,59893,202,593,10599,49294,0.012658348175184284
101,59994,202,594,10602,49392,0.012631897168888604
101,60095,202,595,10604,49491,0.012605709354503067
101,60196,202,596,10606,49590,0.012579782113224414
101,60297,202,597,10608,49689,0.012554112852306908
101,60398,202,598,10608,49790,0.012528699004803068
101,60499,202,599,10611,49888,0.012503538029306963
101,60600,202,600,10612,49988,0.012478627409700078
101,60701,202,601,10613,50088,0.012453964654899695
101,60802,202,602,10615,50187,0.012429547298609778
101,60903,202,603,10617,50286,0.01240537289907435
101,61004,202,604,10620,50384,0.012381439038833314
101,61105,202,605,10622,50483,0.012357743324480702
101,61206,202,606,10622,50584,0.01233428338642533
101,61307,202,607,10624,50683,0.012311056878653841
101,61408,202,608,10626,50782,0.012288061478496108
101,61509,202,609,10627,50882,0.012265294886392948
101,61610,202,610,10631,50979,0.01224275482566618
101,61711,202,611,10634,51077,0.012220439042290943
101,61812,202,612,10637,51175,0.012198345304670311
101,61913,202,613,10638,51275,0.012176471403412107
101,62014,202,614,10638,51376,0.012154815151107974
101,62115,202,615,10639,51476,0.012133374382114637
101,62216,202,616,10641,51575,0.012112146952337331
101,62317,202,617,10642,51675,0.012091130739015387
101,62418,202,618,10643,51775,0.012070323640509958
101,62519,202,619,10643,51876,0.012049723576093858
101,62620,202,620,10643,51977,0.012029328485743472
101,62721,202,621,10644,52077,0.012009136329932777
101,62822,202,622,10646,52176,0.01198914508942936
101,62923,202,623,10646,52277,0.011969352765092513
101,63024,202,624,10648,52376,0.011949757377673304
101,63125,202,625,10648,52477,0.01193035696761667
101,63226,202,626,10652,52574,0.011911149594865432
101,63327,202,627,10654,52673,0.011892133338666311
101,63428,202,628,10654,52774,0.01187330629737784
101,63529,202,629,10654,52875,0.011854666588280199
101,63630,202,630,10655,52975,0.011836212347386948
101,63731,202,631,10656,53075,0.011817941729258619
101,63832,202,632,10657,53175,0.011799852906818169
101,63933,202,633,10657,53276,0.011781944071168286
101,64034,202,634,10659,53375,0.011764213431410478
101,64135,202,635,10660,53475,0.011746659214465993
101,64236,202,636,10662,53574,0.011729279664898506
101,64337,202,637,10663,53674,0.011712073044738584
101,64438,202,638,10664,53774,0.011695037633309868
101,64539,202,639,10665,53874,0.011678171727057018
101,64640,202,640,10668,53972,0.011661473639375353
101,64741,202,641,10669,54072,0.011644941700442194
101,64842,202,642,10669,54173,0.011628574257049868
101,64943,202,643,10669,54274,0.011612369672440398
101,65044,202,644,10672,54372,0.011596326326141817
101,65145,202,645,10673,54472,0.011580442613806126
101,65246,202,646,10673,54573,0.011564716947048855
101,65347,202,647,10675,54672,0.011549147753290225
101,65448,202,648,10676,54772,0.011533733475597885
101,65549,202,649,10678,54871,0.011518472572531219
101,65650,202,650,10679,54971,0.011503363517987204
101,65751,202,651,10679,55072,0.011488404801047796
101,65852,202,652,10679,55173,0.011473594925828836
101,65953,202,653,10680,55273,0.011458932411330456
101,66054,202,654,10681,55373,0.01144441579128899
101,66155,202,655,10681,55474,0.011430043614030338
101,66256,202,656,10683,55573,0.011415814442324796
101,66357,202,657,10684,55673,0.011401726853243335
101,66458,202,658,10685,55773,0.011387779438015309
101,66559,202,659,10686,55873,0.011373970801887569
101,66660,202,660,10687,55973,0.011360299563985
101,66761,202,661,10688,56073,0.011346764357172414
101,66862,202,662,10689,56173,0.011333363827917855
101,66963,202,663,10690,56273,0.011320096636157226
101,67064,202,664,10690,56374,0.011306961455160297
101,67165,202,665,10690,56475,0.011293956971398022
101,67266,202,666,10691,56575,0.01128108188441119
101,67367,202,667,10694,56673,0.01126833490668037
101,67468,202,668,10695,56773,0.011255714763497167
101,67569,202,669,10695,56874,0.011243220192836747
101,67670,202,670,10695,56975,0.011230849945231628
101,67771,202,671,10696,57075,0.011218602783646746
101,67872,202,672,10698,57174,0.011206477483355735
101,67973,202,673,10698,57275,0.01119447283181846
101,68074,202,674,10699,57375,0.011182587628559764
101,68175,202,675,10699,57476,0.011170820685049418
101,68276,202,676,10699,57577,0.011159170824583262
101,68377,202,677,10699,57678,0.011147636882165546
101,68478,202,678,10699,57779,0.011136217704392411
101,68579,202,679,10700,57879,0.011124912149336568
101,68680,202,680,10702,57978,0.01111371908643309
101,68781,202,681,10703,58078,0.011102637396366355
101,68882,202,682,10704,58178,0.011091665970958125
101,68983,202,683,10705,58278,0.011080803713056716
101,69084,202,684,10706,58378,0.011070049536427285
101,69185,202,685,10706,58479,0.011059402365643208
101,69286,202,686,10707,58579,0.011048861135978534
101,69387,202,687,10709,58678,0.011038424793301511
101,69488,202,688,10711,58777,0.011028092293969175
101,69589,202,689,10712,58877,0.011017862604722983
101,69690,202,690,10713,58977,0.011007734702585483
101,69791,202,691,10714,59077,0.010997707574758025
101,69892,202,692,10715,59177,0.010987780218519469
101,69993,202,693,10715,59278,0.010977951641125918
101,70094,202,694,10716,59378,0.010968220859711442
101,70195,202,695,10717,59478,0.010958586901189789
101,70296,202,696,10718,59578,0.01094904880215708
101,70397,202,697,10719,59678,0.010939605608795464
101,70498,202,698,10719,59779,0.010930256376777735
101,70599,202,699,10720,59879,0.010921000171172899
101,70700,202,700,10721,59979,0.010911836066352685
101,70801,202,701,10723,60078,0.010902763145898971
101,70902,202,702,10724,60178,0.010893780502512152
101,71003,202,703,10726,60277,0.010884887237920403
101,71104,202,704,10728,60376,0.010876082462789857
101,71205,202,705,10728,60477,0.010867365296635659
101,71306,202,706,10730,60576,0.010858734867733933
101,71407,202,707,10733,60674,0.010850190313034594
101,71508,202,708,10735,60773,0.010841730778075053
101,71609,202,709,10737,60872,0.010833355416894765
101,71710,202,710,10740,60970,0.01082506339195063
101,71811,202,711,10740,61071,0.010816853874033245
101,71912,202,712,10740,61172,0.010808726042183978
101,72013,202,713,10740,61273,0.01080067908361287
101,72114,202,714,10745,61369,0.01079271219361736
101,72215,202,715,10745,61470,0.010784824575501804
101,72316,202,716,10745,61571,0.010777015440497823
101,72417,202,717,10746,61671,0.010769284007685407
101,72518,202,718,10747,61771,0.01076162950391483
101,72619,202,719,10749,61870,0.01075405116372934
101,72720,202,720,10750,61970,0.010746548229288598
101,72821,202,721,10751,62070,0.010739119950292912
101,72922,202,722,10752,62170,0.010731765583908192
101,73023,202,723,10754,62269,0.010724484394691668
101,73124,202,724,10755,62369,0.010717275654518353
101,73225,202,725,10756,62469,0.010710138642508221
101,73326,202,726,10756,62570,0.010703072644954124
101,73427,202,727,10757,62670,0.010696076955250418
101,73528,202,728,10759,62769,0.010689150873822304
101,73629,202,729,10762,62867,0.010682293708055865
101,73730,202,730,10762,62968,0.010675504772228813
101,73831,202,731,10764,63067,0.010668783387441906
101,73932,202,732,10764,63168,0.010662128881551065
101,74033,202,733,10764,63269,0.010655540589100154
101,74134,202,734,10764,63370,0.010649017851254439
101,74235,202,735,10765,63470,0.0106425600157347
101,74336,202,736,10769,63567,0.010636166436752002
101,74437,202,737,10770,63667,0.01062983647494312
101,74538,202,738,10772,63766,0.010623569497306598
101,74639,202,739,10773,63866,0.01061736487713945
101,74740,202,740,10774,63966,0.010611221993974488
101,74841,202,741,10775,64066,0.010605140233518277
101,74942,202,742,10776,64166,0.010599118987589702
101,75043,202,743,10777,64266,0.010593157654059155
101,75144,202,744,10778,64366,0.010587255636788313
101,75245,202,745,10778,64467,0.01058141234557053
101,75346,202,746,10778,64568,0.01057562719607182
101,75447,202,747,10780,64667,0.010569899609772403
101,75548,202,748,10781,64767,0.010564229013908884
101,75649,202,749,10781,64868,0.010558614841416947
101,75750,202,750,10782,64968,0.010553056530874667
101,75851,202,751,10782,65069,0.010547553526446355
101,75952,202,752,10783,65169,0.010542105277826985
101,76053,202,753,10784,65269,0.010536711240187152
101,76154,202,754,10785,65369,0.0105313708741186
101,76255,202,755,10785,65470,0.01052608364558027
101,76356,202,756,10786,65570,0.010520849025844903
101,76457,202,757,10787,65670,0.010515666491446161
101,76558,202,758,10788,65770,0.01051053552412629
101,76659,202,759,10789,65870,0.010505455610784278
101,76760,202,760,10789,65971,0.010500426243424558
101,76861,202,761,10789,66072,0.010495446919106205
101,76962,202,762,10791,66171,0.010490517139892635
101,77063,202,763,10791,66272,0.010485636412801822
101,77164,202,764,10792,66372,0.010480804249756986
101,77265,202,765,10792,66473,0.010476020167537797
101,77366,202,766,10794,66572,0.010471283687732046
101,77467,202,767,10794,66673,0.010466594336687809
101,77568,202,768,10795,66773,0.010461951645466068
101,77669,202,769,10796,66873,0.010457355149793835
101,77770,202,770,10796,66974,0.010452804390017712
101,77871,202,771,10797,67074,0.010448298911057929
101,77972,202,772,10798,67174,0.010443838262362837
101,78073,202,773,10799,67274,0.010439421997863846
101,78174,202,774,10802,67372,0.010435049675930827
101,78275,202,775,10803,67472,0.010430720859327945
101,78376,202,776,10804,67572,0.01042643511516993
101,78477,202,777,10804,67673,0.010422192014878798
101,78578,202,778,10805,67773,0.01041799113414098
101,78679,202,779,10805,67874,0.010413832052864903
101,78780,202,780,10805,67975,0.010409714355138974
101,78881,202,781,10806,68075,0.010405637629189989
101,78982,202,782,10807,68175,0.010401601467341955
101,79083,202,783,10808,68275,0.010397605465975325
101,79184,202,784,10809,68375,0.01039364922548663
101,79285,202,785,10812,68473,0.010389732350248527
101,79386,202,786,10814,68572,0.010385854448570228
101,79487,202,787,10816,68671,0.01038201513265833
101,79588,202,788,10818,68770,0.010378214018578047
101,79689,202,789,10819,68870,0.0103744507262148
101,79790,202,790,10821,68969,0.010370724879236218
101,79891,202,791,10822,69069,0.010367036105054498
101,79992,202,792,10823,69169,0.010363384034789147
101,80093,202,793,10824,69269,0.010359768303230097
101,80194,202,794,10824,69370,0.010356188548801179
101,80295,202,795,10825,69470,0.010352644413523964
101,80396,202,796,10826,69570,0.010349135542981974
101,80497,202,797,10827,69670,0.010345661586285228
101,80598,202,798,10829,69769,0.010342222196035164
101,80699,202,799,10829,69870,0.01033881702828989
101,80800,202,800,10830,69970,0.010335445742529792
101,80901,202,801,10830,70071,0.010332108001623487
101,81002,202,802,10831,70171,0.010328803471794101
101,81103,202,803,10831,70272,0.0103255318225859
101,81204,202,804,10831,70373,0.010322292726831234
101,81305,202,805,10834,70471,0.01031908586061783
101,81406,202,806,10835,70571,0.010315910903256391
101,81507,202,807,10838,70669,0.01031276753724854
101,81608,202,808,10839,70769,0.010309655448255054
101,81709,202,809,10842,70867,0.01030657432506444
101,81810,202,810,10844,70966,0.010303523859561813
101,81911,202,811,10845,71066,0.01030050374669808
101,82012,202,812,10846,71166,0.010297513684459435
101,82113,202,813,10847,71266,0.010294553373837166
101,82214,202,814,10848,71366,0.010291622518797741
101,82315,202,815,10849,71466,0.010288720826253218
101,82416,202,816,10851,71565,0.010285848006031922
101,82517,202,817,10852,71665,0.010283003770849435
101,82618,202,818,10854,71764,0.010280187836279871
101,82719,202,819,10857,71862,0.010277399920727424
101,82820,202,820,10857,71963,0.01027463974539822
101,82921,202,821,10858,72063,0.010271907034272422
101,83022,202,822,10858,72164,0.01026920151407664
101,83123,202,823,10859,72264,0.010266522914256601
101,83224,202,824,10861,72363,0.010263870966950093
101,83325,202,825,10861,72464,0.01026124540696017
101,83426,202,826,10861,72565,0.010258645971728651
101,83527,202,827,10861,72666,0.010256072401309843
101,83628,202,828,10861,72767,0.01025352443834456
101,83729,202,829,10862,72867,0.010251001828034383
101,83830,202,830,10862,72968,0.010248504318116178
101,83931,202,831,10863,73068,0.010246031658836873
101,84032,202,832,10865,73167,0.010243583602928479
101,84133,202,833,10867,73266,0.010241159905583363
101,84234,202,834,10869,73365,0.010238760324429774
101,84335,202,835,10869,73466,0.010236384619507594
101,84436,202,836,10870,73566,0.010234032553244354
101,84537,202,837,10871,73666,0.010231703890431466
101,84638,202,838,10871,73767,0.01022939839820071
101,84739,202,839,10872,73867,0.010227115846000938
101,84840,202,840,10874,73966,0.01022485600557503
101,84941,202,841,10876,74065,0.01022261865093706
101,85042,202,842,10878,74164,0.010220403558349701
101,85143,202,843,10878,74265,0.010218210506301846
101,85244,202,844,10879,74365,0.010216039275486465
101,85345,202,845,10879,74466,0.010213889648778665
101,85446,202,846,10882,74564,0.010211761411213984
101,85547,202,847,10884,74663,0.010209654349966894
101,85648,202,848,10885,74763,0.010207568254329514
101,85749,202,849,10887,74862,0.01020550291569054
101,85850,202,850,10888,74962,0.010203458127514388
101,85951,202,851,10892,75059,0.010201433685320538
101,86052,202,852,10893,75159,0.010199429386663081
101,86153,202,853,10894,75259,0.010197445031110482
101,86254,202,854,10895,75359,0.010195480420225531
101,86355,202,855,10895,75460,0.010193535357545505
101,86456,202,856,10895,75561,0.010191609648562514
101,86557,202,857,10896,75661,0.010189703100704052
101,86658,202,858,10899,75759,0.01018781552331375
101,86759,202,859,10899,75860,0.01018594672763229
101,86860,202,860,10901,75959,0.010184096526778551
101,86961,202,861,10903,76058,0.010182264735730903
101,87062,202,862,10905,76157,0.010180451171308717
101,87163,202,863,10907,76256,0.010178655652154037
101,87264,202,864,10908,76356,0.010176877998713455
101,87365,202,865,10910,76455,0.01017511803322014
101,87466,202,866,10912,76554,0.010173375579676082
101,87567,202,867,10914,76653,0.01017165046383447
101,87668,202,868,10916,76752,0.010169942513182286
101,87769,202,869,10917,76852,0.010168251556923037
101,87870,202,870,10917,76953,0.010166577425959692
101,87971,202,871,10918,77053,0.010164919952877757
101,88072,202,872,10919,77153,0.010163278971928544
101,88173,202,873,10921,77252,0.01016165431901259
101,88274,202,874,10922,77352,0.01016004583166325
101,88375,202,875,10923,77452,0.010158453349030448
101,88476,202,876,10923,77553,0.010156876711864594
101,88577,202,877,10923,77654,0.010155315762500658
101,88678,202,878,10924,77754,0.0101537703448424
101,88779,202,879,10924,77855,0.010152240304346772
101,88880,202,880,10925,77955,0.010150725488008444
101,88981,202,881,10926,78055,0.010149225744344521
101,89082,202,882,10927,78155,0.01014774092337939
101,89183,202,883,10928,78255,0.010146270876629714
101,89284,202,884,10928,78356,0.010144815457089593
101,89385,202,885,10929,78456,0.010143374519215861
101,89486,202,886,10929,78557,0.01014194791891353
101,89587,202,887,10930,78657,0.01014053551352138
101,89688,202,888,10932,78756,0.010139137161797698
101,89789,202,889,10933,78856,0.010137752723906142
101,89890,202,890,10933,78957,0.01013638206140177
101,89991,202,891,10934,79057,0.010135025037217192
101,90092,202,892,10935,79157,0.010133681515648855
101,90193,202,893,10936,79257,0.010132351362343486
101,90294,202,894,10936,79358,0.010131034444284644
101,90395,202,895,10936,79459,0.010129730629779427
101,90496,202,896,10940,79556,0.010128439788445296
101,90597,202,897,10941,79656,0.010127161791197044
101,90698,202,898,10941,79757,0.01012589651023388
101,90799,202,899,10941,79858,0.010124643819026653
101,90900,202,900,10941,79959,0.0101234035923052
101,91001,202,901,10942,80059,0.010122175706045813
101,91102,202,902,10942,80160,0.010120960037458845
101,91203,202,903,10944,80259,0.010119756464976423
101,91304,202,904,10945,80359,0.010118564868240294
101,91405,202,905,10945,80460,0.010117385128089795
101,91506,202,906,10946,80560,0.010116217126549927
101,91607,202,907,10948,80659,0.010115060746819561
101,91708,202,908,10948,80760,0.010113915873259762
101,91809,202,909,10949,80860,0.010112782391382219
101,91910,202,910,10952,80958,0.010111660187837799
101,92011,202,911,10953,81058,0.010110549150405214
101,92112,202,912,10953,81159,0.010109449167979795
101,92213,202,913,10954,81259,0.010108360130562379
101,92314,202,914,10954,81360,0.010107281929248322
101,92415,202,915,10955,81460,0.010106214456216591
101,92516,202,916,10956,81560,0.010105157604718994
101,92617,202,917,10958,81659,0.010104111269069502
101,92718,202,918,10959,81759,0.010103075344633675
101,92819,202,919,10960,81859,0.010102049727818207
101,92920,202,920,10962,81958,0.010101034316060565
101,93021,202,921,10962,82059,0.010100029007818723
101,93122,202,922,10963,82159,0.01009903370256102
101,93223,202,923,10964,82259,0.010098048300756102
101,93324,202,924,10965,82359,0.010097072703862968
101,93425,202,925,10967,82458,0.010096106814321115
101,93526,202,926,10969,82557,0.01009515053554078
101,93627,202,927,10969,82658,0.010094203771893295
101,93728,202,928,10969,82759,0.010093266428701501
101,93829,202,929,10970,82859,0.0100923384122303
101,93930,202,930,10971,82959,0.01009141962967727
101,94031,202,931,10972,83059,0.010090509989163391
101,94132,202,932,10972,83160,0.010089609399723856
101,94233,202,933,10973,83260,0.010088717771298966
101,94334,202,934,10974,83360,0.010087835014725138
101,94435,202,935,10976,83459,0.010086961041725979
101,94536,202,936,10976,83560,0.01008609576490346
101,94637,202,937,10978,83659,0.010085239097729176
101,94738,202,938,10982,83756,0.0100843909545357
101,94839,202,939,10983,83856,0.010083551250508005
101,94940,202,940,10984,83956,0.010082719901674985
101,95041,202,941,10984,84057,0.010081896824901066
101,95142,202,942,10985,84157,0.010081081937877885
101,95243,202,943,10985,84258,0.01008027515911606
101,95344,202,944,10986,84358,0.010079476407937044
101,95445,202,945,10986,84459,0.010078685604465051
101,95546,202,946,10986,84560,0.010077902669619077
101,95647,202,947,10988,84659,0.010077127525104984
101,95748,202,948,10990,84758,0.010076360093407673
101,95849,202,949,10994,84855,0.010075600297783338
101,95950,202,950,10996,84954,0.010074848062251781
101,96051,202,951,10999,85052,0.010074103311588823
101,96152,202,952,11000,85152,0.010073365971318778
101,96253,202,953,11003,85250,0.010072635967707003
101,96354,202,954,11003,85351,0.010071913227752527
101,96455,202,955,11003,85452,0.010071197679180756
101,96556,202,956,11003,85553,0.010070489250436234
101,96657,202,957,11003,85654,0.010069787870675497
101,96758,202,958,11003,85755,0.010069093469759984
101,96859,202,959,11003,85856,0.010068405978249026
101,96960,202,960,11005,85955,0.010067725327392897
101,97061,202,961,11005,86056,0.010067051449125945
101,97162,202,962,11007,86155,0.010066384276059784
101,97263,202,963,11007,86256,0.010065723741476547
101,97364,202,964,11008,86356,0.01006506977932223
101,97465,202,965,11009,86456,0.010064422324200068
101,97566,202,966,11010,86556,0.010063781311364012
101,97667,202,967,11010,86657,0.010063146676712244
101,97768,202,968,11011,86757,0.01006251835678077
101,97869,202,969,11011,86858,0.010061896288737071
101,97970,202,970,11013,86957,0.01006128041037383
101,98071,202,971,11014,87057,0.01006067066010269
101,98172,202,972,11016,87156,0.01006006697694812
101,98273,202,973,11016,87257,0.010059469300541302
101,98374,202,974,11016,87358,0.010058877571114096
101,98475,202,975,11019,87456,0.010058291729493065
101,98576,202,976,11019,87557,0.01005771171709356
101,98677,202,977,11022,87655,0.010057137475913858
101,98778,202,978,11023,87755,0.010056568948529363
101,98879,202,979,11024,87855,0.010056006078086861
101,98980,202,980,11025,87955,0.01005544880829884
101,99081,202,981,11025,88056,0.010054897083437856
101,99182,202,982,11025,88157,0.010054350848330963
101,99283,202,983,11026,88257,0.010053810048354195
101,99384,202,984,11027,88357,0.010053274629427107
101,99485,202,985,11027,88458,0.010052744538007355
101,99586,202,986,11027,88559,0.01005221972108536
101,99687,202,987,11027,88660,0.010051700126178988
101,99788,202,988,11028,88760,0.010051185701328317
101,99889,202,989,11029,88860,0.010050676395090436
101,99990,202,990,11029,88961,0.010050172156534292
